Training ProxyNCA | model: resnet50
epoch, loss
1, 5.3722
2, 4.2291
3, 4.0371
4, 3.8769
5, 3.7731
6, 3.6703
7, 3.5673
8, 3.5252
9, 3.4111
10, 3.3594
11, 3.3060
12, 3.2184
13, 3.1835
14, 3.1362
15, 3.0821
16, 3.0605
17, 3.0253
18, 2.9871
19, 2.9336
20, 2.9126
21, 2.8809
22, 2.8175
23, 2.8205
24, 2.7907
25, 2.7421
26, 2.7284
27, 2.7169
28, 2.6810
29, 2.6949
30, 2.6428
31, 2.6293
32, 2.5811
33, 2.5659
34, 2.5653
35, 2.5499
36, 2.5419
37, 2.5202
38, 2.5004
39, 2.4711
40, 2.4330
41, 2.4122
42, 2.4435
43, 2.4281
44, 2.4142
45, 2.3881
46, 2.3520
47, 2.3683
48, 2.3552
49, 2.3655
50, 2.3287
